Payment Date,EMI,Principal,Interest,Balance Remaining
01-Jan-2026,17795.56,9795.56,8000.0,790204.44
31-Jan-2026,17795.56,9893.51,7902.04,780310.93
02-Mar-2026,17795.56,9992.45,7803.11,770318.48
01-Apr-2026,17795.56,10092.37,7703.18,760226.11
01-May-2026,17795.56,10193.3,7602.26,750032.81
31-May-2026,17795.56,10295.23,7500.33,739737.58
30-Jun-2026,17795.56,10398.18,7397.38,729339.4
30-Jul-2026,17795.56,10502.16,7293.39,718837.23
29-Aug-2026,17795.56,10607.19,7188.37,708230.05
28-Sep-2026,17795.56,10713.26,7082.3,697516.79
28-Oct-2026,17795.56,10820.39,6975.17,686696.4
27-Nov-2026,17795.56,10928.59,6866.96,675767.8
27-Dec-2026,17795.56,11037.88,6757.68,664729.92
26-Jan-2027,17795.56,11148.26,6647.3,653581.67
25-Feb-2027,17795.56,11259.74,6535.82,642321.92
27-Mar-2027,17795.56,11372.34,6423.22,630949.58
26-Apr-2027,17795.56,11486.06,6309.5,619463.52
26-May-2027,17795.56,11600.92,6194.64,607862.6
25-Jun-2027,17795.56,11716.93,6078.63,596145.67
25-Jul-2027,17795.56,11834.1,5961.46,584311.57
24-Aug-2027,17795.56,11952.44,5843.12,572359.12
23-Sep-2027,17795.56,12071.97,5723.59,560287.16
23-Oct-2027,17795.56,12192.69,5602.87,548094.47
22-Nov-2027,17795.56,12314.61,5480.94,535779.86
22-Dec-2027,17795.56,12437.76,5357.8,523342.1
21-Jan-2028,17795.56,12562.14,5233.42,510779.96
20-Feb-2028,17795.56,12687.76,5107.8,498092.2
21-Mar-2028,17795.56,12814.64,4980.92,485277.57
20-Apr-2028,17795.56,12942.78,4852.78,472334.78
20-May-2028,17795.56,13072.21,4723.35,459262.57
19-Jun-2028,17795.56,13202.93,4592.63,446059.64
19-Jul-2028,17795.56,13334.96,4460.6,432724.68
18-Aug-2028,17795.56,13468.31,4327.25,419256.37
17-Sep-2028,17795.56,13602.99,4192.56,405653.37
17-Oct-2028,17795.56,13739.02,4056.53,391914.35
16-Nov-2028,17795.56,13876.41,3919.14,378037.93
16-Dec-2028,17795.56,14015.18,3780.38,364022.75
15-Jan-2029,17795.56,14155.33,3640.23,349867.42
14-Feb-2029,17795.56,14296.88,3498.67,335570.54
16-Mar-2029,17795.56,14439.85,3355.71,321130.69
15-Apr-2029,17795.56,14584.25,3211.31,306546.44
15-May-2029,17795.56,14730.09,3065.46,291816.34
14-Jun-2029,17795.56,14877.39,2918.16,276938.95
14-Jul-2029,17795.56,15026.17,2769.39,261912.78
13-Aug-2029,17795.56,15176.43,2619.13,246736.35
12-Sep-2029,17795.56,15328.19,2467.36,231408.15
12-Oct-2029,17795.56,15481.48,2314.08,215926.68
11-Nov-2029,17795.56,15636.29,2159.27,200290.39
11-Dec-2029,17795.56,15792.65,2002.9,184497.73
10-Jan-2030,17795.56,15950.58,1844.98,168547.15
09-Feb-2030,17795.56,16110.09,1685.47,152437.06
11-Mar-2030,17795.56,16271.19,1524.37,136165.88
10-Apr-2030,17795.56,16433.9,1361.66,119731.98
10-May-2030,17795.56,16598.24,1197.32,103133.74
09-Jun-2030,17795.56,16764.22,1031.34,86369.52
09-Jul-2030,17795.56,16931.86,863.7,69437.65
08-Aug-2030,17795.56,17101.18,694.38,52336.47
07-Sep-2030,17795.56,17272.19,523.36,35064.28
07-Oct-2030,17795.56,17444.92,350.64,17619.36
06-Nov-2030,17795.56,17619.36,176.19,0.0
